1 49 
1 186 
1 215 
1 252 
1 314 
1 355 
1 422 
1 442 
1 484 
1 487 
1 490 
1 537 
1 634 
1 639 
1 664 
1 813 
1 981 
1 1162 
1 1279 
1 1284 
1 1294 
1 1362 
1 1376 
1 1595 
1 1664 
1 1710 
1 1729 
1 1733 
1 1841 
1 1849 
1 1953 
1 1990 
1 2017 
1 2239 
1 2340 
1 2351 
1 2406 
1 2477 
1 2530 
1 2653 
1 2926 
1 3012 
1 3065 
1 3071 
1 3111 
1 3159 
1 3251 
1 3254 
1 3299 
1 3315 
1 3503 
1 3576 
1 3609 
1 3620 
1 3820 
1 3825 
1 3895 
1 3900 
1 3936 
1 4012 
1 4022 
1 4385 
1 4399 
1 4407 
1 4495 
1 4507 
1 4741 
1 4894 
1 4898 
1 4953 
1 4954 
1 5033 
1 5052 
1 5145 
1 5196 
1 5212 
1 5255 
1 5344 
1 5389 
1 5393 
1 5428 
1 5460 
1 5531 
1 5573 
1 5610 
1 5645 
1 5755 
1 5824 
1 5827 
1 6065 
1 6221 
1 6318 
1 6404 
1 7010 
1 7014 
1 7024 
1 7053 
1 7083 
1 7098 
1 7112 
1 7156 
1 7171 
1 7305 
1 7344 
1 7443 
1 7478 
1 7592 
1 7961 
1 8356 
1 8586 
1 8653 
